((("words" .
   [1 0 0 0 0])
  ("word" .
   [1 0 0 0])
  ("symptoms" .
   [0 0 0 2 1 0 0 0])
  (":tempids" .
   [0 0 0 0 0 1 0 0])
  (":tx-data" .
   [1 0 0 0 0 0 0 0])
  (":db-after" .
   [1 0 0 0 0 0 0 0 0])
  ("first" .
   [0 0 0 0 1])
  ("tx-data" .
   [0 0 0 0 0 1 0])
  (":transaction" .
   [0 0 0 0 0 0 1 0 0 0 0 0])
  (":db/id" .
   [0 0 0 1 0 0])
  ("db/conn" .
   [2 0 0 0 0 1 0])
  (":tx" .
   [3 0 0])
  (":tx-listen" .
   [0 0 0 1 0 0 0 0 0 0])
  ("reconciler" .
   [0 0 0 0 0 2 0 0 0 0])
  ("add-watch" .
   [0 0 0 0 0 0 0 0 1])
  ("cmp" .
   [3 0 0])
  ("label=" .
   [0 0 0 0 0 1])
  ("android" .
   [0 0 0 0 0 0 2])
  ("Product" .
   [5 0 0 0 0 0 0])
  ("product-keeper.android.core" .
   [0 0 0 0 0 0 0 0 0 0 0 0 0 0 0 0 0 0 0 0 0 0 0 0 0 0 1])
  ("text-input" .
   [0 0 0 0 0 1 0 0 0 0])
  (":as" .
   [6 0 0])
  ("get-obj" .
   [0 0 0 0 0 1 0])
  ("init-form" .
   [0 0 0 0 0 1 0 0 0])
  ("searchF" .
   [0 0 0 1 0 0 0])
  ("Search" .
   [1 0 0 0 0 0])
  (":refer" .
   [2 0 0 0 0 1])
  ("--" .
   [1 0])
  ("dashes" .
   [0 0 0 1 0 0])
  ("style" .
   [0 0 0 0 1])
  (":tr" .
   [1 0 0])
  (":flex" .
   [0 0 0 0 1])
  (":style" .
   [0 0 0 0 1 1])
  (":search-text" .
   [0 0 0 0 0 0 0 0 0 1 0 0])
  ("view" .
   [4 0 0 0])
  ("clean-form" .
   [0 0 0 0 0 0 0 0 0 1])
  ("js/alert" .
   [0 0 0 0 0 0 0 1])
  ("is-empty" .
   [0 0 0 0 1 0 0 0])
  ("true?" .
   [0 0 0 0 1])
  (":notes" .
   [0 0 0 1 0 0])
  (":width" .
   [0 0 0 1 0 0])
  (":height" .
   [0 0 0 0 1 0 0])
  (":brand" .
   [0 0 0 0 1 0])
  (":category" .
   [0 0 0 1 0 0 0 0 0])
  (":name" .
   [3 0 0 0 0])
  ("om/get-state" .
   [0 0 0 0 0 0 1 0 0 0 0 8])
  ("punch" .
   [1 0 0 0 0])
  ("have" .
   [1 0 0 0])
  ("doesn" .
   [2 0 0 0 0])
  ("number" .
   [1 0 0 0 0 0])
  ("ether" .
   [7 0 0 0 1])
  ("nExp" .
   [0 0 7 1])
  ("exp" .
   [7 0 6])
  ("HP" .
   [0 3])
  ("HTMLElement" .
   [0 0 0 0 0 0 0 0 0 0 2])
  ("turn" .
   [0 0 2 2])
  ("setTimeout" .
   [0 0 0 0 0 0 0 1 0 0])
  ("endBatle" .
   [0 0 0 0 1 1 0 3])
  ("white" .
   [2 0 0 0 0])
  ("showMsg" .
   [0 0 0 0 0 0 1])
  ("txtM" .
   [6 0 2 5])
  ("msg" .
   [15 0 1])
  ("random" .
   [0 0 0 0 0 2])
  ("floor" .
   [0 0 0 2 0])
  ("Flee" .
   [0 0 0 1])
  ("att" .
   [5 0 0])
  ("selOp" .
   [0 0 0 1 19])
  ("hp" .
   [9 6])
  ("itemOp" .
   [7 0 0 0 0 2])
  ("sandPede" .
   [0 0 1 0 1 0 0 0])
  ("nOp" .
   [0 0 7])
  ("moth" .
   [3 0 0 0])
  ("loadOponents" .
   [0 0 0 0 0 0 1 0 0 0 0 0])
  ("lvl" .
   [4 0 6])
  ("str" .
   [7 0 0])
  ("maxHp" .
   [1 0 2 1 11])
  ("stats" .
   [22 0 4 9 21])
  ("bOponents" .
   [0 0 2 2 0 0 0 0 0])
  ("aOp" .
   [3 0 4])
  ("in" .
   [2 0])
  ("bStats" .
   [12 0 5 0 0 1])
  ("battle" .
   [1 0 0 0 0 0])
  ("pede" .
   [1 0 0 1])
  ("o" .
   [1])
  ("battleInterval" .
   [1 0 0 0 0 0 0 0 0 0 0 0 0 1])
  ("CLEAR" .
   [1 0 0 0 0])
  ("bgCanvas" .
   [2 0 0 0 0 1 0 0])
  ("checkkey" .
   [0 0 0 1 0 1 0 0])
  ("menukey" .
   [0 0 0 0 0 0 1])
  ("fillText" .
   [0 0 0 0 0 2 0 1])
  ("selectMenu" .
   [0 0 0 0 0 0 1 1 0 0])
  ("selecMenu" .
   [0 0 0 0 0 1 0 0 0])
  ("code" .
   [1 0 0 0])
  ("op" .
   [30 0])
  ("let" .
   [0 0 4])
  ("bgT" .
   [5 0 0])
  ("keyCode" .
   [1 0 0 0 3 0 3])
  ("posMenu" .
   [0 0 0 3 0 1 7])
  ("cursor" .
   [8 0 0 1 0 0])
  ("dh" .
   [1 0])
  ("dw" .
   [1 0])
  ("dy" .
   [2 0])
  ("dx" .
   [1 0])
  ("image" .
   [2 0 0 0 2])
  ("drawImage" .
   [0 0 0 0 0 3 1 0 0])
  ("draw" .
   [0 0 0 1])
  ("rat" .
   [5 0 0])
  ("destWidth" .
   [0 0 0 1 0 0 1 0 0])
  ("render" .
   [1 0 0 0 0 2])
  ("with" .
   [1 0 0 2])
  ("bPlayer" .
   [12 0 0 1 0 0 0])
  ("hidden" .
   [1 0 0 1 1 0])
  ("fwdCanvas" .
   [1 0 0 0 0 1 0 0 0])
  ("oponents" .
   [0 0 0 1 0 0 0 0])
  ("menuItems" .
   [0 0 0 0 0 0 0 0 1])
  ("bg" .
   [13 0])
  ("destHeight" .
   [0 0 0 5 1 1 2 0 0 4])
  ("canvas" .
   [18 0 0 0 0 3])
  ("img" .
   [9 0 1])
  ("can" .
   [6 0 0])
  ("getContext" .
   [0 0 0 0 2 0 0 0 0 1])
  ("ctx" .
   [10 0 1])
  ("context" .
   [4 0 0 0 0 1 1])
  ("menuBox" .
   [0 0 0 0 0 0 2])
  ("ee" .
   [1 0])
  ("$" .
   [2])
  ("pasar" .
   [1 0 0 0 0])
  ("para" .
   [1 0 0 0])
  ("Enter" .
   [4 0 0 0 0])
  ("commas" .
   [1 0 0 0 0 0])
  ("target" .
   [0 0 0 1 0 0])
  ("cIva" .
   [0 0 1 0])
  ("ivM" .
   [3 0 0])
  ("sub" .
   [1 0 0])
  ("parseFloat" .
   [0 0 0 0 0 0 3 0 3 19])
  ("span" .
   [1 0 0 0])
  ("total" .
   [15 0 0 0 1])
  ("titulo" .
   [5 0 0 0 0 0])
  ("Son" .
   [0 0 1])
  ("son" .
   [2 0 0])
  ("DOCE" .
   [1 0 0 0])
  ("getElem" .
   [0 0 0 0 1 0 0])
  ("getvalue" .
   [0 0 0 0 0 7 0 4])
  ("FieldStorage" .
   [0 0 0 0 1 0 0 0 0 0 0 0])
  ("print_exception" .
   [0 0 0 0 0 0 0 0 1 0 0 0 0 0 0])
  ("except" .
   [0 0 0 0 0 1])
  ("htmlTail" .
   [0 0 0 0 0 0 0 1])
  ("htmlTop" .
   [1 0 0 0 0 0 0])
  ("tr" .
   [1 0])
  ("__name__" .
   [0 0 0 1 0 0 0 0])
  ("clearAll" .
   [0 0 0 1 0 0 0 0])
  ("black" .
   [0 1 0 0 0])
  ("td" .
   [1 0])
  ("newtonTable" .
   [0 0 0 0 0 1 0 0 0 0 0])
  ("auto" .
   [1 0 0 0])
  ("html:5" .
   [0 0 0 1 0 0])
  (":weyl" .
   [1 0 0 0 0])
  ("append" .
   [1 0 0 0 0 3])
  ("sum" .
   [5 0 0])
  ("null" .
   [7 0 0 0])
  ("lagrange" .
   [1 0 0 1 0 0 0 0])
  ("set" .
   [1 0 0])
  ("setq" .
   [8 0 0 6])
  ("nth" .
   [4 0 0])
  ("lambda" .
   [4 0 0 6 0 1])
  ("fun" .
   [4 0 0])
  ("do" .
   [4 1])
  ("to" .
   [4 0])
  ("from" .
   [7 0 0 0])
  ("loop" .
   [8 0 0 0])
  ("progn" .
   [1 0 0 0 0])
  ("getPos" .
   [1 0 0 0 0 0])
  ("list" .
   [8 0 0 0])
  ("nil" .
   [17 0 0])
  ("n" .
   [7])
  ("lenght" .
   [1 0 0 0 0 0])
  ("print" .
   [18 0 0 0 3])
  ("vals" .
   [4 0 0 0])
  ("numbers." .
   [0 0 0 1 1 0 0 0])
  ("Lagrange" .
   [0 0 0 0 0 0 1 1])
  ("format" .
   [0 0 2 0 0 0])
  ("ene" .
   [5 0 0])
  ("write-line" .
   [0 0 0 0 0 0 2 0 0 0])
  ("write" .
   [1 0 1 0 0])
  ("defvar" .
   [0 0 0 2 0 0])
  ("cage" .
   [1 0 0 1])
  ("defun" .
   [0 0 1 1 1])
  ("break" .
   [2 0 0 0 0])
  ("else" .
   [28 0 0 1])
  ("for" .
   [30 0 0])
  ("posM" .
   [1 0 0 0])
  ("tmp" .
   [3 0 1])
  ("posMin" .
   [2 0 0 0 0 1])
  ("posMax" .
   [0 0 0 0 0 3])
  ("min" .
   [3 0 0])
  ("max" .
   [3 0 2])
  ("end" .
   [7 0 0])
  ("then" .
   [8 0 0 0])
  ("modulo" .
   [1 0 1 3 1 0])
  ("endfuction" .
   [0 0 0 3 0 0 0 0 0 0])
  ("size" .
   [2 0 0 0])
  ("non" .
   [5 0 1])
  ("div5" .
   [1 0 0 3])
  ("div3" .
   [1 0 0 0])
  ("impar" .
   [1 0 0 0 2])
  ("cant" .
   [3 0 0 0])
  ("shuffle" .
   [0 0 0 1 0 0 0])
  ("m9" .
   [1 0])
  ("m8" .
   [2 0])
  ("m7" .
   [2 0])
  ("m6" .
   [2 0])
  ("m5" .
   [2 0])
  ("m4" .
   [2 0])
  ("m3" .
   [2 0])
  ("m0" .
   [1 0])
  ("m2" .
   [3 0])
  ("m1" .
   [3 0])
  ("M" .
   [3])
  ("id" .
   [4 0])
  ("alert" .
   [2 0 0 1 2])
  ("iDiv" .
   [1 0 1 0])
  ("pointer" .
   [0 0 0 1 0 0 0])
  ("hover" .
   [0 0 0 0 1])
  ("margin" .
   [0 0 0 0 1 0])
  ("padding-bottom" .
   [1 0 0 0 0 0 0 0 0 0 0 0 0 0])
  ("height" .
   [0 0 8 7 0 4])
  ("width" .
   [1 1 3 1 8])
  ("background-color" .
   [0 1 0 0 0 0 0 0 0 0 0 0 0 1 0 0])
  ("background" .
   [2 0 0 1 0 0 0 0 0 0])
  ("Background" .
   [0 0 0 0 0 0 0 0 0 1])
  ("1px" .
   [1 0 0])
  ("solid" .
   [0 0 0 0 1])
  ("border" .
   [0 2 0 0 0 0])
  ("padding" .
   [0 0 0 0 0 0 1])
  ("b" .
   [14])
  ("inline-block" .
   [0 0 0 0 0 0 0 0 0 0 0 1])
  ("display" .
   [0 0 0 1 0 0 0])
  ("block" .
   [0 0 0 1 0])
  ("get" .
   [1 0 0])
  ("getenv" .
   [0 0 0 0 1 0])
  ("DocumentFragment" .
   [0 0 0 0 0 0 1 0 0 0 0 0 0 0 0 0])
  ("document" .
   [25 0 0 0 0 1 0 1])
  ("__doc__" .
   [0 0 0 0 0 0 1])
  ("isdir" .
   [0 0 0 0 1])
  ("path" .
   [0 0 1 0])
  ("import" .
   [0 0 1 0 0 2])
  ("def" .
   [8 1 0])
  ("Remove" .
   [1 0 0 0 0 0])
  ("when" .
   [0 0 0 2])
  ("default" .
   [0 0 1 0 0 0 0])
  ("define-key" .
   [0 0 1 0 0 0 0 0 0 0])
  ("main" .
   [0 0 2 0])
  ("int" .
   [0 0 1])
  ("cls" .
   [0 0 1])
  ("Electric-command-loop" .
   [1 0 0 0 0 0 0 0 0 0 0 0 0 0 0 0 0 0 0 0 0])
  ("c" .
   [17])
  ("In/Out" .
   [0 0 1 0 0 0])
  ("html" .
   [0 0 1 1])
  ("e" .
   [4])
  ("encodings" .
   [0 0 1 0 1 0 0 0 0])
  ("cp858" .
   [0 0 0 0 1])
  ("Codec" .
   [0 0 0 0 1])
  ("mro" .
   [0 0 2])
  ("__eq__" .
   [0 0 0 0 0 1])
  ("show-paren-mode" .
   [0 0 0 0 1 0 0 0 0 0 0 0 0 0 0])
  ("Function" .
   [1 0 0 0 0 0 0 0])
  ("function" .
   [3 0 0 2 0 0 0 32])
  ("f" .
   [4])
  ("arguments" .
   [0 0 1 0 0 0 0 0 8])
  ("length" .
   [2 0 8 19 0 9])
  ("mayor" .
   [6 0 1 0 1])
  ("typeof" .
   [0 0 0 0 1 1])
  ("Number" .
   [1 0 2 6 0 8])
  ("num" .
   [22 0 0])
  ("log" .
   [20 0 13])
  ("convertir" .
   [0 0 0 0 0 0 0 0 2])
  ("script:src" .
   [0 0 4 0 0 0 0 0 0 0])
  ("value" .
   [21 0 0 1 6])
  ("style=" .
   [0 0 0 0 0 2])
  ("convertirN" .
   [0 0 0 0 0 0 0 0 0 1])
  ("var" .
   [94 0 0])
  ("outpu" .
   [1 0 0 0 0])
  ("output" .
   [2 0 0 0 0 0])
  ("getElementById" .
   [0 0 0 0 1 0 0 0 0 0 1 0 0 11])
  ("id=" .
   [2 0 2])
  ("if" .
   [95 0])
  ("val" .
   [19 0 1])
  ("parseInt" .
   [0 0 0 0 0 0 1 1])
  ("text" .
   [25 0 0 6])
  ("t" .
   [6])
  ("NaN" .
   [0 0 1])
  ("innerHTML" .
   [0 0 2 3 0 5 0 0 3])
  ("isNaN" .
   [0 0 1 0 0])
  ("div" .
   [1 0 3])
  ("class=" .
   [0 0 1 0 0 0])
  ("h1" .
   [1 0])
  ("bq" .
   [0 2])
  ("br" .
   [4 0])
  ("ul+" .
   [0 0 1])
  ("Jonathan" .
   [0 0 0 0 0 1 0 0])
  ("Due&ntilde" .
   [0 0 0 1 0 0 0 0 0 0])
  ("as" .
   [1 0])
  ("li" .
   [1 0])
  ("Aside" .
   [1 0 0 0 0])
  ("Informacion" .
   [0 0 0 0 0 1 0 0 0 0 0])
  ("color" .
   [7 1 0 0 0])
  ("font-size" .
   [0 1 0 0 0 0 0 0 0])
  ("expand" .
   [3 0 0 0 0 0])
  ("eval" .
   [7 0 0 1])
  ("fx2" .
   [6 0 0])
  ("car" .
   [1 0 0])
  ("infix" .
   [2 0 0 0 0])
  ("cl:funcall" .
   [0 0 0 0 0 0 0 0 0 1])
  ("fc" .
   [10 0])
  ("fc2" .
   [3 0 0])
  ("cl:write-to-string" .
   [0 0 0 0 1 0 0 0 0 0 0 0 0 0 0 0 0 0])
  ("fx" .
   [21 0])
  ("lagrange-rec" .
   [1 0 0 0 0 0 0 0 0 0 0 0])
  ("lagrange-infix" .
   [0 0 0 0 0 0 0 0 0 0 0 1 0 1])
  ("lagrange-suf" .
   [1 0 0 0 0 0 0 0 0 1 0 0])
  ("text-align" .
   [0 0 0 0 0 1 0 0 0 0])
  ("center" .
   [0 0 0 0 0 3])
  ("red" .
   [0 0 1])
  ("input" .
   [0 0 1 0 0])
  ("X" .
   [14])
  ("createElement" .
   [0 0 0 2 0 0 0 0 0 0 0 0 0])
  ("xlabel" .
   [2 0 0 0 0 1])
  ("appendChild" .
   [0 0 1 0 1 0 0 0 0 0 0])
  ("y" .
   [18])
  ("xInput" .
   [3 0 0 0 0 2])
  ("cont" .
   [8 0 0 0])
  ("form1" .
   [1 0 0 0 0])
  ("form" .
   [5 0 0 0])
  ("name" .
   [8 0 0 0])
  ("name=" .
   [1 0 0 0 0])
  ("xInputs" .
   [1 0 0 0 0 0 0])
  ("x" .
   [15])
  ("yInputs" .
   [1 0 0 0 0 0 0])
  ("Y" .
   [12])
  ("yInput" .
   [2 0 0 0 0 0])
  ("addEventListener" .
   [0 0 2 0 1 0 0 0 0 0 0 0 0 0 0 1])
  ("preventDefault" .
   [0 0 0 2 0 0 0 0 0 0 0 0 0 0])
  ("xIns" .
   [1 0 0 0])
  ("yIn" .
   [11 0 5])
  ("getElementsById" .
   [0 0 1 0 0 0 0 0 0 0 0 1 0 0 0])
  ("i" .
   [76])
  ("ese" .
   [3 0 0])
  ("xIn" .
   [13 0 4])
  ("getElementsByClassName" .
   [0 0 0 0 0 0 0 0 0 0 0 1 0 0 0 1 1 0 0 0 0 2])
  ("class" .
   [4 0 0 1 1])
  ("u" .
   [6])
  ("push" .
   [2 0 2 2])
  ("className" .
   [2 0 0 0 0 0 0 0 0])
  ("fn" .
   [8 0])
  ("Algebrite" .
   [0 0 1 0 0 0 0 0 0])
  ("run" .
   [0 0 1])
  ("dfn" .
   [1 0 0])
  ("new" .
   [17 0 0])
  ("Array" .
   [1 0 2 0 12])
  ("d" .
   [4])
  ("h" .
   [10])
  ("l" .
   [7])
  ("j" .
   [47])
  ("a" .
   [24])
  ("z" .
   [6])
  ("toInt" .
   [1 0 0 0 0])
  ("toNum" .
   [1 0 0 3 2])
  ("al" .
   [3 0])
  ("JSON" .
   [1 0 0 0])
  ("s" .
   [8])
  ("trazadores" .
   [0 0 0 1 0 0 0 0 0 1])
  ("matrix" .
   [2 0 0 0 1 2])
  ("return" .
   [2 0 0 1 0 4])
  ("callTrazador" .
   [0 0 0 0 1 0 0 0 0 0 0 1])
  ("substr" .
   [0 2 0 0 0 5])
  ("funcTrazador" .
   [0 0 0 0 0 0 1 0 0 0 0 0])
  ("func" .
   [5 0 0 0])
  ("data" .
   [13 0 0 1])
  ("funv" .
   [5 0 0 0])
  ("range" .
   [1 0 0 0 1])
  ("maxArray" .
   [1 0 0 0 0 0 0 3])
  ("minArray" .
   [0 0 0 1 0 0 0 2])
  ("maxY" .
   [4 0 0 0])
  ("plotFunc" .
   [0 0 0 0 0 0 0 1])
  ("form2" .
   [6 0 0 0 0])
  ("elem" .
   [5 0 0 0])
  ("false" .
   [8 0 0 1 0])
  ("true" .
   [12 0 0 1])
  ("oncChangeB" .
   [1 0 0 0 0 0 0 0 0 0])
  ("console" .
   [0 0 0 0 0 1 0])
  ("callLagrange" .
   [0 0 0 0 0 0 0 0 0 0 0 1])
  ("callNewton" .
   [0 0 0 0 0 0 0 0 0 1])
  ("cas" .
   [1 0 0])
  ("N" .
   [1])
  ("replace" .
   [0 0 0 0 2 0 6])
  ("r" .
   [1])
  ("gravado" .
   [0 0 0 0 0 0 2])
  ("toFixed" .
   [0 0 0 0 0 0 1])
  ("case" .
   [1 0 0 0])
  ("check" .
   [0 0 0 0 3])
  ("checked" .
   [2 0 0 0 0 0 4])
  ("pre" .
   [1 0 0])
  ("Math" .
   [4 1 0 1])
  ("sumas" .
   [12 0 0 0 2])
  ("getSumas" .
   [0 0 0 0 1 0 0 1])
  ("getElementsByName" .
   [0 0 0 0 1 0 0 0 0 0 0 0 0 0 0 0 0])
  ("suma" .
   [2 0 0 0])
  ("totales" .
   [1 0 0 0 0 0 0])
  ("getTotales" .
   [0 0 0 0 0 0 1 0 0 0])
  ("tot" .
   [9 0 0])
  ("iva" .
   [1 0 0])
  ("letras" .
   [1 0 0 0 0 0])
  ("txt" .
   [4 0 0])
  ("Total" .
   [3 0 0 0 1])
  ("pCCF" .
   [1 0 0 0])
  ("CCF" .
   [4 0 0])
  ("totalLetra" .
   [1 0 0 0 1 0 0 1 0 3])
  ("pdfObjet" .
   [2 0 0 0 1 0 0 0])
  ("createPdf" .
   [0 0 0 0 0 0 0 1 0])
  ("cliente" .
   [1 0 0 0 0 0 0])
  ("tabla" .
   [3 0 1 0 1])
  ("ret" .
   [4 0 0])
  ("InfoText" .
   [1 0 0 0 0 0 0 0])
  ("monospace" .
   [0 0 0 0 0 0 0 0 1])
  ("BPDots" .
   [0 0 1 0 0 0])
  ("Times" .
   [0 0 0 1 0])
  ("fontcolor" .
   [0 0 0 1 0 0 0 0 0])
  ("setTextColor" .
   [0 0 0 0 0 0 0 0 0 0 0 1])
  ("bGen" .
   [7 0 0 2])
  ("glob" .
   [0 0 0 1])
  ("dat" .
   [0 0 1])
  ("callFunction" .
   [0 0 0 0 0 0 0 0 0 0 0 1])
  ("plot" .
   [1 0 0 0])
  ("plotAll" .
   [1 0 0 0 0 0 1])
  ("gn" .
   [5 0])
  ("bNew" .
   [0 0 0 1])
  ("bLag" .
   [0 0 0 1])
  ("bTra" .
   [0 0 0 1])
  ("purple" .
   [1 0 0 0 0 0])
  ("green" .
   [1 0 0 0 0])
  ("plotPoints" .
   [0 0 0 0 0 0 0 0 0 1])
  ("er" .
   [1 0])
  ("erp" .
   [8 0 0])
  ("eab" .
   [1 0 0])
  ("prin" .
   [1 0 0 0])
  ("Yn" .
   [1 0])
  ("dif_" .
   [1 0 0 0])
  ("trz" .
   [1 0 0])
  ("heal" .
   [1 0 0 0])
  ("spells" .
   [2 0 1 0 0 2])
  ("mp" .
   [4 0])
  ("Player" .
   [5 0 0 2 0 0])
  ("the" .
   [1 0 0])
  ("maxMp" .
   [1 0 0 0 8])
  ("Learned" .
   [1 0 0 0 0 0 0])
  ("time" .
   [1 0 0 1])
  ("use" .
   [2 0 0])
  ("potion" .
   [2 0 0 0 0 2])
  ("strokeRect" .
   [0 0 0 0 1 0 0 0 0 0])
  ("playerDb" .
   [1 0 0 0 0 0 0 1])
  ("absY" .
   [0 0 0 1])
  ("pAbsY" .
   [0 0 0 1 0])
  ("absX" .
   [0 0 1 0])
  ("request" .
   [1 0 0 0 0 0 0])
  ("result" .
   [0 0 0 0 1 0])
  ("stat" .
   [2 0 0 0])
  ("gold" .
   [2 0 0 0])
  ("Error" .
   [1 0 0 0 0])
  ("remove" .
   [1 0 0 0 0 0])
  ("read" .
   [2 0 0 0])
  ("save" .
   [3 0 0 0])
  ("add" .
   [4 0 0])
  ("drawMenuP" .
   [0 0 0 0 0 1 0 0 0])
  ("menuP" .
   [3 0 0 0 0])
  ("endMenuP" .
   [0 0 0 0 0 1 0 0])
  ("menInterval" .
   [1 0 0 0 0 0 0 0 0 0 0])
  ("menu" .
   [2 0 0 0])
  ("clearInterval" .
   [0 0 0 1 0 0 0 0 0 0 0 0 0])
  ("menuInterval" .
   [0 0 0 0 0 0 1 0 0 0 0 0])
  ("core" .
   [1 0 0 0])
  ("global-linum-mode" .
   [0 0 0 0 0 0 0 0 0 0 0 0 0 0 0 0 2])
  ("electric-pair-pairs" .
   [0 0 0 0 0 0 0 0 0 0 0 0 0 0 0 0 0 0 1])
  ("set!" .
   [1 0 0 0])
  ("js/require" .
   [0 0 0 0 0 0 0 1 0 0])
  ("cmp/RootView" .
   [0 0 0 0 0 1 1 0 1 0 0 0])
  ("test-type" .
   [0 0 0 0 0 1 0 0 0])
  ("del" .
   [4 0 0])
  ("p" .
   [2])
  ("tan" .
   [3 0 0])
  ("me" .
   [5 0])
  ("la" .
   [4 0])
  ("sin" .
   [1 0 0])
  ("lisp" .
   [1 0 0 0])
  ("frase" .
   [1 0 0 0 0])
  ("embargo" .
   [1 0 0 0 0 0 0])
  ("que" .
   [5 0 0])
  ("experiencia" .
   [2 0 0 0 0 0 0 0 0 0 0])
  ("hara" .
   [1 0 0 0])
  ("con" .
   [1 0 0])
  ("es" .
   [1 0])
  ("cierto" .
   [1 0 0 0 0 0])
  ("muy" .
   [1 0 0])
  ("los" .
   [1 0 0])
  ("siempre" .
   [1 0 0 0 0 0 0])
  ("encuentras" .
   [2 0 0 0 0 0 0 0 0 0])
  ("mas" .
   [1 0 0])
  ("beneficios" .
   [1 0 0 0 0 0 0 0 0 0])
  (":onClick" .
   [0 0 0 0 0 0 0 1])
  ("om/update-state!" .
   [0 0 0 0 0 1 0 0 0 0 0 0 0 0 0 0])
  ("ws" .
   [1 0])
  ("cxt" .
   [2 0 0])
  (":root/id" .
   [1 0 0 0 0 0 0 0])
  ("om/props" .
   [0 0 0 0 0 2 1 0])
  ("this" .
   [4 0 0 0])
  ("om/get-query" .
   [0 0 0 0 0 0 0 0 0 0 0 1])
  (":test/id" .
   [0 0 0 0 0 1 0 0])
  ("ctxquery" .
   [0 0 0 1 2 0 0 0])
  (":id" .
   [1 0 0])
  ("common.components" .
   [1 0 0 0 0 0 0 0 0 0 0 0 0 0 0 0 0])
  (":c" .
   [3 0])
  ("inst" .
   [5 0 0 0])
  (":val" .
   [2 0 0 0])
  ("split" .
   [1 0 0 0 0])
  ("correction" .
   [0 0 0 0 0 0 0 0 0 1])
  ("spell" .
   [3 0 0 0 0])
  ("join" .
   [1 0 0 0])
  ("synonyms" .
   [1 0 0 0 0 0 0 1])
  ("dictionary" .
   [0 0 0 0 0 0 1 0 0 0])
  ("synonym" .
   [0 0 0 0 0 0 3])
  ("syn" .
   [1 0 0])))
